1 0 0
4
-0.2 0.2 0.75
-0.2 0.2 -0.75
-0.5 0.2 -0.75
-0.5 0.2 0.75
0 1 0
4
-0.2 0.2 0.75
-0.2 0.25 0.75
-0.5 0.25 0.75
-0.5 0.2 0.75
0 0 1
4
-0.2 0.2 0.75
-0.2 0.2 -0.75
-0.2 0.25 -0.75
-0.2 0.25 0.75
1 1 0
4
-0.2 0.2 -0.75
-0.2 0.25 -0.75
-0.5 0.25 -0.75
-0.5 0.2 -0.75
0 1 1
4
-0.5 0.2 0.75
-0.5 0.2 -0.75
-0.5 0.25 -0.75
-0.5 0.25 0.75
1 0 1
4
-0.2 0.25 0.75
-0.2 0.25 -0.75
-0.5 0.25 -0.75
-0.5 0.25 0.75
1 0 0
4
-0.2 -0.25 0.75
-0.2 -0.25 -0.75
-0.5 -0.25 -0.75
-0.5 -0.25 0.75
0 1 0
4
-0.2 -0.2 0.75
-0.2 -0.25 0.75
-0.5 -0.25 0.75
-0.5 -0.2 0.75
0 0 1
4
-0.2 -0.2 0.75
-0.2 -0.2 -0.75
-0.2 -0.25 -0.75
-0.2 -0.25 0.75
1 1 0
4
-0.2 -0.2 -0.75
-0.2 -0.25 -0.75
-0.5 -0.25 -0.75
-0.5 -0.2 -0.75
0 1 1
4
-0.5 -0.2 0.75
-0.5 -0.2 -0.75
-0.5 -0.25 -0.75
-0.5 -0.25 0.75
1 0 1
4
-0.2 -0.2 0.75
-0.2 -0.2 -0.75
-0.5 -0.2 -0.75
-0.5 -0.2 0.75