1 0 0
4
-0.8 -0.08 -0.08
-0.8 -0.1 -0.04
-0.35 -0.2 -0.08
-0.35 -0.16 -0.16
1 0 0
4
-0.8 -0.1 -0.04
-0.8 -0.1 0.04
-0.35 -0.2 0.08
-0.35 -0.2 -0.08
1 0 0
4
-0.8 -0.1 0.04
-0.8 -0.08 0.08
-0.35 -0.16 0.16
-0.35 -0.2 0.08
0 1 0
4
-0.8 -0.08 0.08
-0.8 -0.04 0.1
-0.35 -0.08 0.2
-0.35 -0.16 0.16
0 1 0
4
-0.8 -0.04 0.1
-0.8 0.04 0.1
-0.35 0.08 0.2
-0.35 -0.08 0.2
0 1 0
4
-0.8 0.04 0.1
-0.8 0.08 0.08
-0.35 0.16 0.16
-0.35 0.08 0.2
1 1 0
4
-0.8 -0.08 -0.08
-0.8 -0.04 -0.1
-0.35 -0.08 -0.2
-0.35 -0.16 -0.16
1 1 0
4
-0.8 -0.04 -0.1
-0.8 0.04 -0.1
-0.35 0.08 -0.2
-0.35 -0.08 -0.2
1 1 0
4
-0.8 0.04 -0.1
-0.8 0.08 -0.08
-0.35 0.16 -0.16
-0.35 0.08 -0.2
0 1 1
12
-0.8 -0.04 -0.1
-0.8 -0.08 -0.08
-0.8 -0.1 -0.04
-0.8 -0.1 0.04
-0.8 -0.08 0.08
-0.8 -0.04 0.1
-0.8 0.04 0.1
-0.8 0.08 0.08
-0.8 0.1 0.04
-0.8 0.1 -0.04
-0.8 0.08 -0.08
-0.8 0.04 -0.1
1 0 1
4
-0.8 0.08 -0.08
-0.8 0.1 -0.04
-0.35 0.2 -0.08
-0.35 0.16 -0.16
1 0 1
4
-0.8 0.1 -0.04
-0.8 0.1 0.04
-0.35 0.2 0.08
-0.35 0.2 -0.08
1 0 1
4
-0.8 0.1 0.04
-0.8 0.08 0.08
-0.35 0.16 0.16
-0.35 0.2 0.08
0 0 1
4
0.5 -0.06 -0.06
0.5 -0.06 0.06
0.5 0.06 0.06
0.5 0.06 -0.06
1 0 0
4
0.5 -0.06 -0.06
0.5 -0.06 -0.06
-0.35 -0.2 -0.08
-0.35 -0.16 -0.16
1 0 0
4
0.5 -0.06 -0.06
0.5 -0.06 0.06
-0.35 -0.2 0.08
-0.35 -0.2 -0.08
1 0 0
4
0.5 -0.06 0.06
0.5 -0.06 0.06
-0.35 -0.16 0.16
-0.35 -0.2 0.08
0 1 0
4
0.5 -0.06 0.06
0.5 -0.06 0.06
-0.35 -0.08 0.2
-0.35 -0.16 0.16
0 1 0
4
0.5 -0.06 0.06
0.5 0.06 0.06
-0.35 0.08 0.2
-0.35 -0.08 0.2
0 1 0
4
0.5 0.06 0.06
0.5 0.06 0.06
-0.35 0.16 0.16
-0.35 0.08 0.2
1 1 0
4
0.5 -0.06 -0.06
0.5 -0.06 -0.06
-0.35 -0.08 -0.2
-0.35 -0.16 -0.16
1 1 0
4
0.5 -0.06 -0.06
0.5 0.06 -0.06
-0.35 0.08 -0.2
-0.35 -0.08 -0.2
1 1 0
4
0.5 0.06 -0.06
0.5 0.06 -0.06
-0.35 0.16 -0.16
-0.35 0.08 -0.2
1 0 1
4
0.5 0.06 -0.06
0.5 0.06 -0.06
-0.35 0.2 -0.08
-0.35 0.16 -0.16
1 0 1
4
0.5 0.06 -0.06
0.5 0.06 0.06
-0.35 0.2 0.08
-0.35 0.2 -0.08
1 0 1
4
0.5 0.06 0.06
0.5 0.06 0.06
-0.35 0.16 0.16
-0.35 0.2 0.08